0000000300000000
0000000500000006
0000000100000000
0000000000000002
0000000400000002
0000000100000007
0000000100000006
0000000700000003
0000000400000005
0000000400000000
0000000300000004
0000000500000001
0000000100000003
0000000600000002
0000000300000000
0000000300000007
0000000200000003
0000000400000000
0000000300000005
0000000100000001
0000000000000005
0000000300000006
0000000200000002
0000000000000001
0000000400000007
0000000600000007
0000000600000003
0000000100000007
0000000100000005
0000000300000007
0000000300000006
0000000400000000
0000000100000003
0000000500000001
0000000500000003
0000000000000000
0000000700000007
0000000000000003
0000000600000007
0000000000000003
0000000200000004
0000000200000000
0000000600000000
0000000100000000
0000000600000007
0000000200000000
0000000600000007
0000000500000003
0000000700000004
0000000100000005
0000000400000000
0000000400000000
0000000500000000
0000000400000005
0000000000000001
0000000200000004
0000000600000007
0000000300000004
0000000700000000
0000000000000003
0000000200000004
0000000200000007
0000000200000003
0000000000000000
0000000500000004
0000000000000006
0000000200000003
0000000300000005
0000000500000004
0000000600000003
0000000600000004
0000000700000007
0000000700000005
0000000200000005
0000000400000006
0000000700000005
0000000200000004
0000000300000007
0000000300000002
0000000400000000
0000000700000001
0000000600000007
0000000500000005
0000000300000007
0000000700000000
0000000100000002
0000000300000002
0000000600000004
0000000300000007
0000000600000007
0000000200000001
0000000600000005
0000000600000004
0000000700000000
0000000100000002
0000000400000000
0000000100000002
0000000500000004
0000000700000004
0000000000000002
0000000600000001
0000000700000005
0000000200000002
0000000400000002
0000000700000001
0000000700000001
0000000300000003
0000000400000004
0000000100000003
0000000100000006
0000000000000000
0000000500000002
0000000400000007
0000000700000005
0000000100000001
0000000000000003
0000000700000004
0000000600000002
0000000200000004
0000000100000004
0000000700000003
0000000000000000
0000000100000005
0000000500000000
0000000100000005
0000000200000004
0000000200000005
0000000500000000
0000000400000003
0000000600000000
0000000600000000
0000000100000007
0000000300000001
0000000100000007
0000000600000001
0000000600000002
0000000100000001
0000000700000006
0000000100000006
0000000600000006
0000000700000007
0000000100000002
0000000700000007
0000000500000004
0000000300000004
0000000500000003
0000000300000007
0000000100000006
0000000500000006
0000000500000002
0000000300000003
0000000500000005
0000000000000006
0000000300000002
0000000100000001
0000000200000000
0000000400000004
0000000600000001
0000000500000004
0000000600000001
0000000500000001
0000000100000001
0000000100000006
0000000300000006
0000000000000004
0000000200000005
0000000000000001
0000000400000005
0000000500000000
0000000500000003
0000000300000005
0000000600000003
0000000400000004
0000000400000007
0000000300000006
0000000300000000
0000000300000002
0000000400000005
0000000500000003
0000000300000006
0000000600000001
0000000100000001
0000000300000005
0000000500000005
0000000300000007
0000000100000006
0000000400000004
0000000500000003
0000000400000007
0000000500000003
0000000300000001
0000000500000003
0000000100000005
0000000000000000
0000000700000001
0000000500000003
0000000200000000
0000000700000004
0000000100000000
0000000600000007
0000000600000001
0000000500000004
0000000100000000
0000000500000000
0000000600000002
0000000000000003
0000000500000005
0000000300000006
0000000200000001
0000000000000005
0000000200000005
0000000700000001
0000000000000007
0000000000000005
0000000000000006
0000000400000006
0000000300000006
0000000100000002
0000000200000000
0000000300000005
0000000400000001
0000000400000003
0000000600000002
0000000100000005
0000000500000002
0000000600000000
0000000100000002
0000000500000004
0000000300000007
0000000100000000
0000000300000005
0000000600000002
0000000400000003
0000000200000000
0000000200000007
0000000000000001
0000000000000003
0000000500000005
0000000500000005
0000000600000000
0000000700000006
0000000600000002
0000000000000000
0000000300000002
0000000500000001
0000000300000003
0000000200000003
0000000400000003
0000000000000003
0000000500000001
0000000700000004
0000000000000003
0000000700000005
0000000000000004
0000000100000005
0000000500000003
0000000000000002
0000000400000004
0000000700000006
0000000500000000
0000000600000006
0000000100000004
0000000100000004
0000000100000001
0000000400000005
0000000200000000
0000000600000007
0000000200000000
0000000700000006
0000000200000006
0000000100000006
0000000700000001
0000000100000006
0000000700000006
0000000500000005
0000000100000002
0000000300000000
0000000700000001
0000000500000002
0000000400000007
0000000200000003
0000000300000003
0000000500000007
0000000200000005
0000000300000004
0000000300000001
0000000400000003
0000000700000005
0000000700000002
0000000400000003
0000000600000001
0000000500000002
0000000200000002
0000000500000004
0000000500000000
0000000500000007
0000000300000007
0000000000000000
0000000600000002
0000000700000002
0000000500000003
0000000200000004
0000000600000007
0000000500000000
0000000300000001
0000000100000001
0000000200000003
0000000400000000
0000000200000000
0000000400000003
0000000700000003
0000000100000006
0000000100000002
0000000300000005
0000000700000006
0000000700000004
0000000500000006
0000000300000004
0000000300000000
0000000400000003
0000000500000004
0000000600000003
0000000400000007
0000000500000006
0000000000000003
0000000700000002
0000000700000006
0000000200000003
0000000700000003
0000000300000007
0000000000000002
0000000200000003
0000000300000004
0000000700000003
0000000000000000
0000000000000007
0000000300000005
0000000400000007
0000000500000006
0000000100000006
0000000300000007
0000000200000004
0000000300000000
0000000600000000
0000000200000005
0000000200000000
0000000400000004
0000000400000007
0000000200000005
0000000400000004
0000000600000006
0000000700000006
0000000100000000
0000000300000006
0000000300000003
0000000300000002
0000000500000007
0000000200000004
0000000200000006
0000000200000005
0000000500000005
0000000700000006
0000000200000005
0000000200000004
0000000200000006
0000000700000005
0000000000000001
0000000200000005
0000000000000001
0000000100000003
0000000600000003
0000000500000004
0000000500000002
0000000200000002
0000000200000004
0000000200000007
0000000200000002
0000000200000005
0000000100000004
0000000300000000
0000000600000000
0000000300000006
0000000200000002
0000000600000005
0000000300000004
0000000300000004
0000000300000004
0000000600000001
0000000400000000
0000000100000001
0000000000000006
0000000200000001
0000000100000006
0000000400000004
0000000200000006
0000000100000006
0000000400000004
0000000500000002
0000000200000000
0000000300000001
0000000300000001
0000000700000001
0000000300000003
0000000600000003
0000000300000001
0000000000000002
0000000000000001
0000000600000001
0000000000000005
0000000600000007
0000000300000006
0000000300000001
0000000400000005
0000000600000006
0000000300000000
0000000200000004
0000000000000002
0000000100000006
0000000300000001
0000000500000007
0000000500000006
0000000300000003
0000000600000002
0000000700000006
0000000200000006
0000000500000000
0000000000000004
0000000000000003
0000000300000002
0000000400000004
0000000200000003
0000000300000002
0000000000000002
0000000600000002
0000000200000004
0000000400000003
0000000000000001
0000000400000007
0000000200000004
0000000300000007
0000000200000003
0000000100000005
0000000600000001
0000000000000004
0000000400000005
0000000400000005
0000000200000004
0000000200000005
0000000700000003
0000000300000001
0000000500000002
0000000000000000
0000000700000005
0000000700000002
0000000500000002
0000000100000006
0000000500000002
0000000500000007
0000000100000000
0000000300000005
0000000000000005
0000000400000002
0000000600000005
0000000700000002
0000000400000002
0000000100000000
0000000200000006
0000000700000000
0000000200000003
0000000600000000
0000000200000004
0000000200000002
0000000300000004
0000000200000001
0000000300000004
0000000600000006
0000000300000001
0000000300000002
0000000200000005
0000000700000000
0000000700000004
0000000300000002
0000000300000002
0000000000000003
0000000500000003
0000000500000002
0000000300000004
0000000700000001
0000000200000001
0000000600000000
0000000300000000
0000000400000006
0000000300000006
0000000700000004
0000000500000002
0000000700000000
0000000500000005
0000000000000005
0000000400000002
0000000400000005
0000000600000006
0000000400000000
0000000500000002
0000000000000003
0000000400000006
0000000000000006
0000000300000007
0000000000000000
0000000400000000
0000000700000005
0000000300000007
0000000000000001
0000000600000001
0000000600000000
0000000500000005
0000000500000007
0000000300000006
0000000000000001
0000000000000004
0000000000000004
0000000300000006
0000000700000003
0000000300000003
0000000300000006
0000000400000007
0000000000000005
0000000600000000
0000000600000005
0000000100000001
0000000600000007
0000000600000000
0000000400000001
0000000600000006
0000000000000004
0000000000000007
0000000000000005
0000000600000006
0000000200000005
0000000500000004
0000000300000002
0000000500000003
0000000300000001
0000000500000007
0000000700000006
0000000400000000
0000000400000003
0000000600000004
0000000200000002
0000000700000007
0000000000000000
0000000700000006
0000000100000005
0000000200000001
0000000200000001
0000000600000003
0000000400000002
0000000700000000
0000000100000001
0000000000000001
0000000000000005
0000000000000007
0000000600000007
0000000200000004
0000000000000005
0000000400000005
0000000200000003
0000000600000007
0000000400000003
0000000500000006
0000000500000001
0000000300000007
0000000600000000
0000000000000003
0000000200000002
0000000500000002
0000000700000001
0000000400000000
0000000400000007
0000000600000001
0000000600000002
0000000300000007
0000000600000007
0000000100000001
0000000600000003
0000000600000000
0000000000000007
0000000500000005
0000000300000004
0000000600000006
0000000600000001
0000000100000004
0000000700000005
0000000300000005
0000000300000002
0000000200000006
0000000300000000
0000000700000007
0000000100000004
0000000600000000
0000000200000001
0000000000000002
0000000600000005
0000000300000000
0000000000000006
0000000000000002
0000000600000000
0000000300000005
0000000500000000
0000000700000002
0000000000000003
0000000200000001
0000000300000003
0000000400000000
0000000200000006
0000000300000003
0000000100000006
0000000400000006
0000000100000004
0000000400000003
0000000600000004
0000000300000003
0000000100000002
0000000300000005
0000000500000006
0000000600000002
0000000500000000
0000000000000004
0000000500000000
0000000500000003
0000000300000000
0000000100000002
0000000000000005
0000000600000000
0000000700000007
0000000200000006
0000000100000000
0000000600000005
0000000200000006
0000000100000006
0000000700000003
0000000600000005
0000000600000004
0000000400000002
0000000100000002
0000000700000002
0000000500000001
0000000000000007
0000000200000006
0000000500000000
0000000600000003
0000000000000005
0000000100000000
0000000400000006
0000000300000004
0000000700000002
0000000300000003
0000000400000007
0000000000000001
0000000600000004
0000000700000001
0000000400000003
0000000600000000
0000000700000004
0000000400000006
0000000600000007
0000000200000006
0000000200000001
0000000200000007
0000000700000004
0000000500000007
0000000200000002
0000000100000002
0000000100000007
0000000600000003
0000000200000006
0000000200000007
0000000300000003
0000000100000005
0000000000000001
0000000700000007
0000000600000005
0000000000000002
0000000400000007
0000000600000001
0000000300000001
0000000000000006
0000000500000006
0000000600000000
0000000000000000
0000000700000004
0000000400000000
0000000100000000
0000000600000004
0000000100000004
0000000700000007
0000000400000007
0000000100000002
0000000300000005
0000000300000002
0000000000000005
0000000000000004
0000000100000005
0000000400000001
0000000300000000
0000000700000001
0000000200000001
0000000400000005
0000000700000003
0000000600000005
0000000500000003
0000000000000002
0000000600000000
0000000000000002
0000000700000004
0000000100000001
0000000500000000
0000000600000006
0000000400000004
0000000100000005
0000000000000007
0000000700000006
0000000700000007
0000000300000003
0000000000000004
0000000400000005
0000000700000005
0000000200000002
0000000000000005
0000000000000002
0000000300000007
0000000500000003
0000000300000000
0000000300000000
0000000100000007
0000000000000004
0000000000000005
0000000600000004
0000000300000005
0000000000000004
0000000700000006
0000000400000003
0000000000000007
0000000400000003
0000000100000003
0000000200000005
0000000500000006
0000000600000004
0000000700000000
0000000600000005
0000000600000002
0000000400000003
0000000300000001
0000000500000001
0000000300000004
0000000400000004
0000000600000006
0000000700000007
0000000600000001
0000000600000001
0000000200000001
0000000000000000
0000000500000003
0000000300000003
0000000600000007
0000000700000003
0000000500000002
0000000700000004
0000000000000000
0000000000000002
0000000100000003
0000000400000003
0000000500000005
0000000500000004
0000000700000006
0000000000000001
0000000100000005
0000000400000004
0000000700000005
0000000000000005
0000000000000002
0000000100000006
0000000100000000
0000000700000002
0000000300000007
0000000200000007
0000000000000001
0000000700000004
0000000600000002
0000000100000000
0000000700000002
0000000400000005
0000000400000004
0000000600000006
0000000000000001
0000000000000001
0000000300000004
0000000200000000
0000000300000004
0000000300000001
0000000200000002
0000000400000003
0000000400000004
0000000200000006
0000000400000000
0000000100000000
0000000400000006
0000000600000004
0000000000000007
0000000500000002
0000000400000007
0000000400000005
0000000100000007
0000000200000000
0000000300000005
0000000100000007
0000000400000003
0000000100000002
0000000300000002
0000000300000004
0000000700000007
0000000000000005
0000000000000002
0000000700000002
0000000100000005
0000000500000001
0000000200000005
0000000500000006
0000000300000006
0000000100000006
0000000300000002
0000000700000002
0000000600000003
0000000600000003
0000000500000001
0000000000000000
0000000600000004
0000000500000005
0000000600000000
0000000700000005
0000000100000006
0000000300000007
0000000500000004
0000000100000003
0000000000000003
0000000200000004
0000000100000000
0000000600000003
0000000300000005
0000000500000000
0000000100000006
0000000600000006
0000000400000004
0000000600000004
0000000700000000
0000000500000006
0000000100000002
0000000600000003
0000000100000007
0000000500000000
0000000600000007
0000000300000003
0000000300000002
0000000600000005
0000000600000001
0000000000000004
0000000300000006
0000000000000006
0000000200000001
0000000000000004
0000000400000003
0000000600000007
0000000600000002
0000000700000001
0000000700000000
0000000400000000
0000000100000002
0000000000000003
0000000100000000
0000000100000006
0000000100000001
0000000300000005
0000000600000005
0000000700000003
0000000400000007
0000000000000006
0000000000000003
0000000100000006
0000000100000001
0000000500000005
0000000600000000
0000000700000006
0000000200000004
0000000000000001
0000000400000006
0000000000000002
0000000600000002
0000000600000002
0000000300000001
0000000100000000
0000000200000006
0000000000000003
0000000200000002
0000000400000003
0000000500000001
0000000100000003
0000000100000002
0000000500000004
0000000500000007
0000000500000005
0000000400000004
0000000200000003
0000000500000007
0000000500000005
0000000100000000
0000000700000005
0000000500000002
0000000700000005
0000000300000000
0000000700000004
0000000200000005
0000000000000002
0000000100000000
0000000600000000
0000000100000002
0000000400000003
0000000200000002
0000000100000007
0000000300000006
0000000300000007
0000000600000002
0000000500000004
0000000700000007
0000000700000007
0000000200000005
0000000300000006
0000000600000000
0000000700000007
0000000100000007
0000000400000004
0000000300000006
0000000200000004
0000000700000003
0000000300000006
0000000000000003
0000000000000005
0000000400000004
0000000000000002
0000000400000006
0000000400000006
0000000300000000
0000000100000002
0000000300000005
0000000500000003
0000000300000005
0000000700000003
0000000700000003
0000000000000000
0000000500000007
0000000600000002
0000000400000007
0000000500000006
0000000500000005
0000000600000001
0000000000000003
0000000400000003
0000000400000004
0000000400000002
0000000300000000
0000000700000000
0000000100000002
0000000600000003
0000000200000000
0000000200000006
0000000100000005
0000000300000001
0000000300000005
0000000200000001
0000000200000007
0000000400000006
0000000600000005
0000000400000001
0000000300000000
0000000300000007
0000000300000005
0000000400000004
0000000000000006
0000000600000003
0000000200000006
0000000700000007
0000000700000000
0000000000000006
0000000000000005
0000000200000000
0000000700000004
0000000400000002
0000000500000006
0000000100000006
0000000400000002
0000000000000007
0000000500000003
0000000700000006
0000000000000006
0000000300000007
0000000300000006
0000000100000004
0000000200000007
0000000300000006
0000000700000000
0000000500000003
0000000500000002
0000000300000005
0000000700000000
0000000500000006
0000000000000000
0000000300000005
0000000300000000
0000000400000001
0000000000000000
0000000700000003
0000000200000001
0000000300000003
0000000100000006
0000000200000001
0000000500000006
0000000700000006
0000000700000005
0000000200000000
0000000400000005
0000000200000002
0000000300000003
0000000200000002
0000000300000001
0000000200000003
0000000100000006
0000000200000007
0000000300000002
0000000100000007
0000000300000005
0000000600000005
0000000700000005
0000000500000000
0000000200000004
0000000200000004
0000000100000005
0000000600000005
0000000300000002
0000000600000005
0000000500000004
0000000100000003
0000000000000005
0000000100000006
0000000300000006
0000000100000004
0000000300000006
0000000100000000
0000000300000006
0000000100000007
0000000300000001
0000000100000007
0000000600000007
0000000500000001
0000000000000002
0000000700000000
0000000400000007
0000000000000005
0000000000000006
0000000000000000
0000000400000001
0000000000000005
0000000200000001
0000000200000006
0000000600000005
0000000000000004
0000000400000007
0000000500000001
0000000600000002
0000000000000004
0000000300000007
0000000400000000
0000000300000003
0000000400000001
0000000200000003
0000000600000004
0000000100000002
0000000300000001
0000000400000001
0000000100000007
0000000600000001
0000000000000007
0000000600000003
0000000700000002
0000000200000003
0000000500000001
0000000500000006
0000000700000000
0000000400000001
0000000700000003
0000000300000001
0000000400000001
0000000200000000
0000000500000003
0000000200000007
0000000400000005
0000000200000004
0000000600000007
0000000400000004
0000000600000002
0000000100000002
0000000500000003
0000000000000000
0000000600000006
0000000700000002
0000000000000001
0000000400000000
0000000700000006
0000000200000005
0000000200000003
0000000400000001
0000000700000005
0000000700000001
0000000400000006
0000000500000004
0000000300000000
0000000300000005
0000000400000004
0000000500000006
0000000100000007
0000000600000007
0000000200000007
0000000100000001
0000000500000004
0000000100000005
0000000700000000
0000000100000002
0000000000000003
0000000200000000
0000000400000005
0000000200000003
0000000300000000
0000000700000006
0000000500000003
0000000500000002
0000000100000005
0000000300000005
0000000200000007
0000000300000006
0000000100000000
0000000500000003
0000000300000006
0000000400000006
0000000700000006
0000000200000005
0000000200000007
0000000500000006
0000000700000007
0000000700000001
0000000200000007
0000000200000006
0000000300000001
0000000300000001
0000000200000002
0000000100000002
0000000400000007
0000000500000005
0000000000000003
0000000100000006
0000000300000006
0000000000000003
0000000200000007
0000000500000001
0000000500000004
0000000400000006
0000000700000006
0000000000000002
0000000000000002
0000000400000002
0000000200000001
0000000200000001
0000000500000003
0000000600000006
0000000400000003
0000000700000000
0000000300000007
0000000300000003
0000000300000001
0000000000000001
0000000400000007
0000000500000000
0000000400000004
0000000200000005
0000000000000000
0000000000000006
0000000400000000
0000000200000006
0000000400000005
0000000000000001
0000000100000006
0000000700000004
0000000500000004
0000000000000002
0000000000000004
0000000200000006
0000000200000000
0000000200000002
0000000400000002
0000000400000003
0000000100000007
0000000700000005
0000000500000005
0000000300000006
0000000200000007
0000000400000002
0000000400000000
0000000400000006
0000000700000000
0000000700000006
0000000000000004
0000000700000001
0000000100000000
0000000000000002
0000000100000006
0000000600000002
0000000400000005
0000000300000002
0000000400000003
0000000500000000
0000000100000004
0000000400000006
0000000000000007
0000000200000004
0000000400000003
0000000400000000
0000000200000006
0000000000000000
0000000600000003
0000000000000007
0000000000000004
0000000300000001
0000000700000004
0000000700000007
0000000400000003
0000000500000001
0000000200000006
0000000000000001
0000000600000000
0000000700000003
0000000200000005
0000000600000001
0000000300000002
0000000000000002
0000000300000003
0000000700000001
0000000100000007
0000000600000005
0000000600000000
0000000100000004
0000000200000003
0000000300000003
0000000200000006
0000000400000006
0000000700000006
0000000600000006
0000000200000001
0000000200000002
0000000200000001
0000000700000004
0000000600000002
0000000100000003
0000000500000004
0000000100000002
0000000400000007
0000000000000005
0000000600000006
0000000300000001
0000000300000004
0000000100000000
0000000400000000
0000000600000007
0000000100000003
0000000200000003
0000000100000004
0000000700000001
0000000700000004
0000000000000006
0000000500000007
0000000600000002
0000000300000004
0000000600000002
0000000500000007
0000000200000001
0000000600000002
0000000000000003
0000000300000001
0000000500000002
0000000200000001
0000000100000006
0000000000000003
0000000500000002
0000000600000007
0000000500000000
0000000100000005
0000000200000002
0000000400000001
0000000700000003
0000000100000001
0000000000000003
0000000100000001
0000000400000004
0000000500000004
0000000100000003
0000000300000004
0000000400000003
0000000000000002
0000000400000005
0000000600000005
0000000000000000
0000000200000006
0000000100000007
0000000200000007
0000000100000002
0000000600000001
0000000300000002
0000000200000004
0000000500000004
0000000500000005
0000000300000005
0000000300000001
0000000600000005
0000000000000006
0000000200000001
0000000300000004
0000000500000001
0000000000000002
0000000100000002
0000000100000007
0000000200000002
0000000700000005
0000000100000005
0000000000000000
0000000100000002
0000000400000007
0000000500000001
0000000200000002
0000000100000000
0000000500000007
0000000600000003
0000000500000001
0000000000000005
0000000500000000
0000000000000001
0000000000000007
0000000500000004
0000000000000001
0000000400000001
0000000200000000
0000000400000000
0000000400000004
0000000500000003
0000000300000001
0000000000000006
0000000200000003
0000000100000007
0000000500000002
0000000500000005
0000000300000005
0000000700000007
0000000500000000
0000000400000006
0000000500000003
0000000400000001
0000000200000000
0000000400000001
0000000500000005
0000000300000006
0000000000000003
0000000300000005
0000000200000006
0000000200000003
0000000000000007
0000000300000003
0000000000000004
0000000000000003
0000000000000004
0000000400000005
0000000000000001
0000000200000002
0000000500000006
0000000000000001
0000000400000007
0000000600000001
0000000400000007
0000000000000004
0000000100000000
0000000500000004
0000000600000002
0000000300000006
0000000200000000
0000000700000007
0000000500000000
0000000100000004
0000000300000000
0000000700000006
0000000500000007
0000000000000004
0000000500000003
0000000000000006
0000000100000007
0000000200000003
0000000400000002
0000000400000002
0000000400000007
0000000000000004
0000000400000002
0000000100000003
0000000300000002
0000000100000007
0000000500000001
0000000000000004
0000000100000000
0000000200000002
0000000400000002
0000000300000004
0000000300000003
0000000600000005
0000000600000004
0000000000000000
0000000700000002
0000000600000006
0000000700000005
0000000600000006
0000000400000006
0000000000000001
0000000700000003
0000000500000006
0000000400000006
0000000200000003
0000000200000003
0000000300000004
0000000100000004
0000000300000000
0000000700000003
0000000700000005
0000000000000001
0000000700000002
0000000300000006
0000000400000002
0000000500000004
0000000400000004
0000000100000004
0000000700000005
0000000100000004
0000000700000005
0000000500000004
0000000400000004
0000000000000003
0000000300000003
0000000000000002
0000000300000000
0000000000000006
0000000300000007
0000000000000000
0000000700000006
0000000500000002
0000000500000003
0000000000000000
0000000700000006
0000000000000006
0000000700000002
0000000200000006
0000000000000000
0000000000000002
0000000200000007
0000000100000006
0000000100000007
0000000100000000
0000000500000005
0000000200000003
0000000300000007
0000000100000001
0000000400000004
0000000600000000
0000000200000003
0000000200000004
0000000400000000
0000000000000005
0000000300000003
0000000100000003
0000000500000007
0000000500000006
0000000100000004
0000000500000002
0000000400000005
0000000300000002
0000000700000004
0000000400000001
0000000600000005
0000000300000006
0000000000000003
0000000600000002
0000000500000007
0000000000000006
0000000400000000
0000000500000005
0000000100000004
0000000400000004
0000000300000005
0000000400000005
0000000100000007
0000000600000006
0000000300000002
0000000300000004
0000000200000001
0000000500000007
0000000200000006
0000000100000000
0000000700000004
0000000500000007
0000000600000006
0000000300000005
0000000600000000
0000000400000005
0000000100000007
0000000300000001
0000000000000004
0000000500000007
0000000300000006
0000000600000002
0000000400000007
0000000500000006
0000000400000006
0000000300000000
0000000300000004
0000000000000003
0000000100000006
0000000200000007
0000000000000000
0000000100000000
0000000500000002
0000000100000003
0000000300000003
0000000100000005
0000000700000004
0000000600000000
0000000200000000
0000000700000003
0000000300000004
0000000500000003
0000000100000005
0000000700000006
0000000700000000
0000000700000006
0000000700000002
0000000300000007
0000000700000005
0000000400000007
0000000200000006
0000000300000006
0000000200000002
0000000000000001
0000000200000007
0000000300000006
0000000100000004
0000000000000000
0000000400000004
0000000600000006
0000000300000001
0000000000000007
0000000200000004
0000000200000000
0000000700000007
0000000700000006
0000000400000004
0000000100000003
0000000400000005
0000000700000004
0000000300000004
0000000400000001
0000000700000005
0000000100000007
0000000200000001
0000000000000006
0000000100000000
0000000000000000
0000000500000000
0000000300000000
0000000400000005
0000000700000005
0000000100000002
0000000300000006
0000000300000000
0000000000000002
0000000400000006
0000000700000000
0000000600000007
0000000400000004
0000000000000006
0000000100000001
0000000500000007
0000000600000004
0000000100000004
0000000400000004
0000000200000004
0000000400000004
0000000100000004
0000000100000003
0000000000000005
0000000300000006
0000000700000007
0000000300000007
0000000000000003
0000000700000003
0000000600000002
0000000200000001
0000000500000001
0000000600000003
0000000500000001
0000000200000003
0000000700000002
0000000300000000
0000000600000001
0000000100000001
0000000200000002
0000000000000007
0000000600000001
0000000300000000
0000000200000003
0000000600000004
0000000500000005
0000000300000002
0000000200000001
0000000700000003
0000000000000002
0000000400000002
0000000500000000
0000000100000000
0000000300000003
0000000100000007
0000000400000004
0000000000000002
0000000000000006
0000000000000006
0000000700000007
0000000100000007
0000000600000001
0000000500000006
0000000400000000
0000000400000004
0000000000000002
0000000100000000
0000000200000006
0000000300000004
0000000100000005
0000000500000005
0000000100000004
0000000600000006
0000000100000001
0000000100000002
0000000600000003
0000000600000004
0000000700000005
0000000000000007
0000000600000004
0000000400000001
0000000700000001
0000000400000002
0000000500000004
0000000300000002
0000000300000004
0000000100000007
0000000300000000
0000000500000007
0000000700000007
0000000500000006
0000000700000003
0000000400000006
0000000100000004
0000000000000001
0000000500000005
0000000200000007
0000000600000000
0000000400000005
0000000600000007
0000000100000005
0000000600000005
0000000100000003
0000000000000004
0000000400000003
0000000300000007
0000000500000003
0000000200000003
0000000000000007
0000000000000002
0000000400000003
0000000100000002
0000000000000002
0000000100000006
0000000300000005
0000000300000000
0000000600000000
0000000300000004
0000000000000000
0000000500000001
0000000300000004
0000000500000003
0000000000000003
0000000200000002
0000000400000007
0000000400000003
0000000000000001
0000000400000001
0000000200000000
0000000600000004
0000000100000000
0000000700000007
0000000000000005
0000000400000003
0000000200000004
0000000600000007
0000000400000004
0000000600000004
0000000200000005
0000000100000004
0000000400000005
0000000200000005
0000000000000007
0000000000000006
0000000000000000
0000000100000006
0000000000000000
0000000500000002
0000000300000005
0000000300000006
0000000600000003
0000000000000006
0000000200000002
0000000300000003
0000000600000000
0000000600000001
0000000200000000
0000000300000005
0000000500000000
0000000100000003
0000000200000000
0000000700000005
0000000500000007
0000000700000004
0000000500000001
0000000200000002
0000000400000006
0000000400000007
0000000500000001
0000000500000005
0000000100000006
0000000700000004
0000000300000005
0000000200000006
0000000400000001
0000000500000006
0000000700000007
0000000600000004
0000000200000000
0000000500000006
0000000400000001
0000000600000006
0000000400000001
0000000700000004
0000000000000001
0000000100000003
0000000300000001
0000000600000004
0000000600000006
0000000200000004
0000000400000001
0000000200000000
0000000700000005
0000000300000003
0000000200000005
0000000100000004
0000000500000005
0000000300000007
0000000600000002
0000000300000006
0000000500000002
0000000700000000
0000000500000005
0000000300000005
0000000200000007
0000000100000005
0000000400000001
0000000200000006
0000000500000001
0000000600000004
0000000700000006
0000000000000004
0000000300000001
0000000100000007
0000000500000002
0000000500000001
0000000600000007
0000000000000003
0000000300000003
0000000500000004
0000000400000005
0000000500000005
0000000100000003
0000000300000002
0000000400000001
0000000200000000
0000000700000002
0000000000000004
0000000000000003
0000000300000002
0000000400000002
0000000200000003
0000000100000001
0000000500000004
0000000200000000
0000000400000002
0000000100000000
0000000000000002
0000000200000001
0000000300000000
0000000600000006
0000000300000000
0000000600000001
0000000200000002
0000000700000001
0000000500000002
0000000200000004
0000000600000002
0000000000000005
0000000700000004
0000000500000006
0000000700000006
0000000600000005
0000000500000007
0000000700000001
0000000200000005
0000000700000005
0000000500000004
0000000300000002
0000000200000005
0000000700000002
0000000500000007
0000000400000005
0000000700000005
0000000000000001
0000000300000006
0000000100000000
0000000600000003
0000000400000001
0000000200000006
0000000500000002
0000000100000005
0000000600000000
0000000100000001
0000000700000006
0000000100000004
0000000700000006
0000000000000004
0000000600000004
0000000200000001
0000000000000007
0000000500000003
0000000100000005
0000000000000003
0000000100000000
0000000600000005
0000000500000005
0000000500000002
0000000700000005
0000000300000003
0000000100000000
0000000200000006
0000000600000007
0000000200000000
0000000000000002
0000000700000003
0000000600000002
0000000100000006
0000000600000007
0000000600000004
0000000400000007
0000000100000007
0000000200000005
0000000600000004
0000000600000006
0000000600000004
0000000300000003
0000000700000000
0000000400000000
0000000500000003
0000000000000007
0000000300000003
0000000300000007
0000000600000001
0000000300000002
0000000100000003
0000000100000000
0000000700000000
0000000600000003
0000000000000002
0000000000000005
0000000000000002
0000000500000005
0000000600000005
0000000100000007
0000000100000002
0000000200000006
0000000300000007
0000000100000006
0000000700000006
0000000200000003
0000000600000004
0000000500000000
0000000100000007
0000000500000003
0000000200000001
0000000300000006
0000000500000001
0000000400000003
0000000300000004
0000000400000002
0000000600000000
0000000400000004
0000000200000000
0000000000000003
0000000100000002
0000000500000002
0000000600000003
0000000600000004
0000000400000007
0000000000000005
0000000400000003
0000000300000007
0000000000000004
0000000000000001
0000000700000003
0000000500000004
0000000200000001
0000000200000004
0000000200000005
0000000700000007
0000000100000000
0000000500000002
0000000500000006
0000000700000003
0000000700000002
0000000000000005
0000000500000006
0000000000000001
0000000600000006
0000000300000005
0000000400000006
0000000700000003
0000000400000007
0000000200000001
0000000300000004
0000000600000001
0000000200000000
0000000500000003
0000000600000002
0000000400000003
0000000300000002
0000000100000004
0000000100000001
0000000500000005
0000000100000003
0000000300000004
0000000600000000
0000000400000002
0000000000000005
0000000600000001
0000000600000001
0000000300000006
0000000400000002
0000000700000000
0000000600000002
0000000700000005
0000000000000004
0000000000000000
0000000300000000
0000000500000001
0000000500000000
0000000500000005
0000000300000001
0000000600000002
0000000300000006
0000000400000005
0000000600000002
0000000000000003
0000000100000002
0000000000000005
0000000400000005
0000000100000004
0000000500000004
0000000400000006
0000000000000001
0000000500000003
0000000200000003
0000000200000002
0000000200000004
0000000400000004
0000000300000007
0000000600000005
0000000100000003
0000000200000006
0000000100000003
0000000700000001
0000000500000000
0000000000000001
0000000200000007
0000000300000004
0000000600000006
0000000100000006
0000000200000007
0000000600000000
0000000400000000
0000000100000005
0000000300000001
0000000400000006
0000000600000003
0000000500000000
0000000700000007
0000000200000004
0000000400000000
0000000700000002
0000000100000006
0000000000000003
0000000200000006
0000000600000001
0000000100000007
0000000300000002
0000000500000004
0000000000000000
0000000000000004
0000000700000003
0000000600000004
0000000400000005
0000000600000003
0000000400000005
0000000100000007
0000000700000004
0000000500000004
0000000000000006
0000000500000005
0000000200000004
0000000700000004
